%%
1891476
2054061
1924061
2374004
2284081
1492133
1787478
1580805
1478601
1943062
1862513
1224571
1462876
1449181
1572821
2053835
1630952
2590335
1945756
2021415
1576809
2278202
1801259
1788164
1157164
1379083
1881100
2269571
1620019
1887923
1961102
1749239
1599869
2191645
1529562
1133233
1944773
2886547
2214583
1801665
1284242
2295545
2387617
2939961
2159995
1830784
2198480
1808841
2423976
2607538
1822026
2451174
1833095
2271901
2154295
2155728
2180645
2506665
1868428
2129178
2249128
1913139
0
0
1985729
1736179
2599335
2222462
2156058
1950811
1322959
1202570
1490139
1622232
1470880
1383052
2144965
1582939
1701599
2372338
1707097
2046098
2183614
2527564
1557810
1918701
1771073
1923793
1639697
2299604
1854963
1424952
1889897
1472756
1854016
2507969
2598882
1929414
1139799
1615521
2090065
2268445
1464596
1129749
950109
1970563
2123496
2538587
1573412
1894406
2572110
2906519
2285200
2344555
1144836
2603638
2555073
2436676
2026768
2057802
1846957
1731920
2140507
2285182
2428909
2573542
0
0
2865135
2156219
2282619
2367586
1886819
2043361
1566492
1304946
1355584
1632858
2101222
1902823
1759200
2359935
2826435
2722592
2132206
1906779
1854789
2349859
1693796
1413881
1531630
2010372
1972722
1773291
1745624
1238509
2472392
2162891
2305772
2141788
2073924
1808470
2009360
1561629
1445559
2202335
1980639
1147257
1381615
1976240
1547448
2289260
1593981
2189210
2321777
2856455
2065408
1890135
1523202
1938842
2675368
1966310
1457043
855435
1858715
2092409
2096057
2185296
2703667
2132187
0
0
2141795
1801906
2349656
2049236
1929619
1459924
2464584
1966789
1722988
2564519
1498106
2095152
2089372
2589222
3009700
2003947
2112994
1906029
2165566
1781722
1766189
1000302
1123283
1834623
2122870
2162999
2573249
1490035
2151846
1620391
1890957
1665300
2090212
2013327
1613426
2232852
2283269
1943169
1892565
1399522
2036126
1956279
2061996
2241165
1701554
1700782
2200797
1817780
2172636
1188917
1868654
1901581
2645453
1452603
1337612
1268153
1872613
2033388
2319130
1967507
1767124
1692922
0
0
2053894
1748440
1963255
1219163
1937826
1601260
1949565
2552126
1654401
1869140
1246036
2022550
2273793
2404775
2452387
1768195
2291395
1357353
2317663
1920709
1696884
1168632
1034914
1846416
2358651
1491455
1613655
1545409
2020454
2014250
1799357
1361433
2017889
1764363
2339766
1673707
1855075
2229060
2427926
1601172
2360174
2420821
2493661
2238412
1595375
1671084
1338538
1258486
1729212
1911939
2079385
1560232
2159672
1823941
1478110
1666827
1787082
1630415
1223953
1912113
2249916
1893557
0
0
1929527
2080706
1830133
2063278
1440878
1559040
1666777
2311826
1742060
1479925
1534229
1587661
2285943
2139520
2044501
2172241
1740901
1727945
2173179
2025320
1403577
1716290
1584072
1723270
1590753
1784653
1757614
2600212
2038981
1883864
1772665
1401335
1708108
1177440
1548456
1228926
2462813
2015888
2080330
1745804
2263775
2758071
1936114
1794192
1563265
1392037
1334224
1832967
1894855
1877491
1955319
1945071
1335601
1827623
1591103
1651465
1647202
1505699
1609421
1773459
1650687
1452276
0
0
2277430
2538993
1498743
2414682
1829749
2193297
1713480
2423972
2163300
1759139
1910604
1649896
1733651
2063993
1836185
1841041
1939462
1694215
1943711
2380209
2001225
1973205
1475679
1660422
1546746
2601760
2119248
2255929
1868579
1481574
1672786
1329543
1585710
1268568
2337581
1314933
2576425
1897701
1723386
2191565
2599957
2677692
2155058
1066813
1525763
2064432
1592512
1970398
1174489
1520331
1255027
2242215
1174043
1166505
1077756
778364
2112869
2216368
1871174
1703792
1771794
1264231
0
0
2085882
2499112
1454415
1761293
1819571
2017726
1169797
2031268
1942582
1948692
2236153
2596393
2392105
1829631
1906953
1829708
2032005
1242228
1605748
1988670
1694222
2041604
1271398
2032312
1816604
2173651
2165752
1913311
2051952
2193000
2048811
1497116
1482808
1323548
2413855
1879605
2128343
1733122
1795689
2431628
2243851
2289917
2178736
1691609
1233585
1770624
1767357
2024590
1561184
2467317
1886366
2069875
1504716
1390045
1286402
1060081
1717939
1908764
2485366
1654344
1912434
1368169
0
0
2745035
2676924
1480272
1729850
1397386
1611833
1640079
1737256
1976330
2172797
2513081
2530866
2205923
1445440
1760478
1279255
1307715
1042378
1233623
1795013
1427736
2578450
1438486
1825950
1161978
1439815
1829298
1999536
1882531
2660427
2577832
1790572
2182935
1779582
2424668
2133902
2402500
2236381
1649601
1845253
1895561
2080744
2360101
2245020
1008617
1608556
1622637
2699967
1960383
2362794
1640897
2479554
2505292
1736735
1619408
1039680
1672639
1801761
2414149
2482412
1677958
1344283
0
0
2008884
2844862
1383784
1409149
1452099
2327714
1190474
1336668
1579010
1607290
2466774
2270115
1598573
1955787
1412077
1780702
1981882
1643001
1346337
1984089
2127855
2256989
1558891
1512097
1254063
1606054
1037922
2225297
2606117
2973696
2740864
2014161
2035543
2126372
2241814
2676711
1588702
1238266
1153296
1357655
1654305
2637231
1852015
2460165
1309191
1790759
1909007
2127739
1152790
2033965
1984454
2071956
2486366
1727735
1748319
1956701
1373490
2105398
2702821
2036525
1561942
1579940
0
0
1879539
1943587
1193286
1434899
1122536
1904462
1590000
2002451
1925709
2244354
1742243
2271098
1438549
2516455
2408308
2099800
1666031
1469111
1797922
2230998
2144965
2189205
1868847
1351608
1310770
2046790
1844859
2140354
2223080
2019921
2289450
2303827
1933378
2658366
2009751
1898351
2187409
1426794
1800799
1720607
1713697
1888953
2258634
2567510
2224835
1364021
1141116
1540670
1673314
1794672
2086027
1479233
2081999
2138616
1816014
1614891
1682975
1794453
1976228
2268610
1801560
1743056
0
0
2174638
1765837
1513226
776588
788289
1622476
1238475
2458039
1883609
1896658
1745289
2356063
1876106
1922656
2111756
1477405
1450513
1390354
1453549
1929955
2424245
1961314
1911088
1703411
1207264
2007589
1832976
1792123
2267011
2160606
1622180
1958275
2051037
2056206
2537798
1551373
2328601
1356261
1507534
1488426
2015187
2245174
2390515
2769364
2655804
1889034
2014372
1599562
2124018
2072836
1686007
1350793
1328629
2021445
2002372
1574738
1183668
1892601
2264129
2672418
2125104
1860936
0
0
2264981
1847431
864601
1009545
1036590
1782984
1740868
1789654
1541097
2337431
2457319
2041013
1803721
1616862
1910847
1939757
2126909
1711383
1183777
1590112
1552071
1709891
1545795
1751627
1831564
2331063
1985222
1683662
1724386
1188330
1567656
2039029
2592367
1421863
1969857
1493730
1327391
1935225
1684705
2709736
1864215
1629613
1439939
2171251
2291698
2044209
1854070
1866565
1952966
1888340
1765834
1034227
1357233
1667351
1674974
1300808
1618440
1954711
1844937
2065495
1653176
2180019
0
0
1759428
1971603
1308583
1512445
1331274
1327217
858797
1944368
1562359
1510328
2225484
2178625
2182105
1490798
1942469
2509435
2619985
2223355
1535980
1306660
1340269
2396206
2081293
2482741
2098075
2301533
1198711
795430
1371370
1155603
1680905
1957046
1936661
946049
1340424
1633363
1894571
2240440
1980867
2069131
1489872
1822100
1097901
1383118
1457102
1614591
1750746
1872182
2022316
1913336
1851797
1566601
1612779
1787215
2019021
1808096
1364929
1292684
1987328
2349540
1706787
2165270
0
0
2061116
2267735
1575185
2053707
1204194
1910307
1540729
1407329
1399834
1535385
1799406
2134268
1785484
1597977
2291650
2264092
2619117
2555948
2010742
1506774
1624859
1792613
1655260
2392238
1570235
2101500
1619988
1281428
1467752
1092880
1799641
2048018
1071184
1110752
2168259
1913346
2243872
1853189
1561786
2093865
2065526
1735656
1145280
1225373
951266
1213369
1783762
2355993
2078430
2098720
2202417
2173277
1749297
1550167
1666774
1810285
1819829
2061907
2215377
2032881
1636072
2127126
0
0
2109285
2235683
2363671
2816694
1946356
1475977
1849650
1529743
1967004
2085350
1374460
1553272
1737528
1063895
1613910
1625005
2342219
1472999
1838659
1264131
1498092
1744452
1854751
1944984
2233618
2195619
2882338
1623116
2214332
1927704
1434496
1688910
1430817
1723249
2386224
2204555
1614369
1780353
2283073
1630097
1781346
2172223
1727459
1516933
959113
1495349
1931966
2497805
2391231
2126066
1884780
1374684
806491
1800249
1980758
2587517
2173370
1785622
2328139
1788046
1875566
1715610
0
0
2342506
1900552
2309046
2470501
2123380
1304896
1853311
1523813
1565411
2086073
1987101
1791171
1427092
1175538
2211428
1825291
1763928
1185290
1744644
2075082
2147158
1647829
2228776
1727545
2385059
2025527
2546658
1815093
1857767
1205623
1871203
2314086
2011924
2349466
2220662
2245795
1726522
1325750
1882496
2152042
1993181
2226493
2570826
1725030
1393725
1579646
2190928
2075573
1905140
1175835
1987001
1237673
1468348
2221008
2457303
2393222
2524196
2104044
1642631
1039013
797865
1261981
0
0
2271431
1695971
1950633
2134174
1948088
1916955
1893636
2234733
2007116
2799470
2156340
1882242
1891677
1359831
2381201
2756111
1748241
1734546
2299023
2182446
2453237
2222507
2645272
1924029
1973105
1578781
1913824
1693061
2405364
2310983
2411096
2370407
1867454
2359311
1965222
1645521
1812137
1694333
1606546
2355757
2865497
1962634
2656930
2068285
1528571
2056065
2204433
1454882
2371693
1309719
2612529
1848450
2001619
2423749
3077843
2738667
2324555
1962272
1622433
1003842
1407763
1781906
0
0
2071566
1869805
1621396
1957334
2129700
2715670
2325807
2413351
2333977
2353982
2208561
1615966
1722216
1914375
2488868
2695741
1951470
1803859
2204447
2509163
2491087
2048868
2734027
1388830
1787066
1594492
1937571
2062253
2437326
2579844
2773805
3134638
2388107
2637899
2158640
2176902
1336280
2309431
2288670
2087390
1988285
2125340
2054576
2993179
2130896
2049216
2167522
1914234
2042152
1822083
2284729
2478172
2326424
1925828
2157116
2203001
2179809
1692212
1824380
1421403
1098950
1547145
0
0
1992911
1600020
1337131
1872146
1727584
2627310
2450182
2751242
2665452
2747825
1951179
1088212
1579075
1819719
2276919
1917122
1972616
2056051
3064157
1949235
2248317
1566113
2528155
2057727
1705698
1484775
2097165
1731717
2667098
2351995
2580752
2899993
1953781
2708461
1828271
2263235
1302466
1778804
1773597
2221350
1847592
2374184
2442702
2735138
2004929
2219562
1771714
2213864
1804500
1494778
2711673
1873942
1798065
1202912
1689438
1375961
925911
1289569
1239859
1793463
1765065
2529589
0
0
916438
1814253
1210927
1719399
1132695
2175631
1897212
2311584
2442473
2478385
2475230
1278161
1775608
1102802
1545574
1357889
1781770
2078610
2398290
2405533
1939026
2661983
2119663
2140294
1519864
1266427
1559744
1545976
2297170
2283468
2533526
2365077
2080315
2123533
1485969
1523181
1397651
1962889
2674162
2532111
2118468
1869943
2816486
2160399
2338760
2003950
1921873
1752699
2000581
1474701
2343584
2045020
2189171
1444580
1091982
1120366
1514351
1682361
2319699
2041058
2583590
1913437
0
0
1293750
2520774
1500110
2304015
1838503
2049608
1653328
1842805
1919236
1952703
2658761
2116144
1652605
1327785
743344
1271663
1361027
2414069
2007121
2756550
2230659
2274180
1341743
1918956
1478327
1291926
1667512
2452171
2231225
2382191
2538097
2212715
1957130
1697907
2203539
1863932
2464669
2278071
1959256
1408398
2217257
1475211
2225434
1907960
2114959
1722704
1071874
1136864
1643783
1859280
2687186
2210497
2145367
1544415
1363298
1472580
2009140
1555123
2687773
1924661
1909871
1679036
0
0
1949964
2648783
1960105
2429580
2227803
1951522
1272741
1164249
1488524
2317333
2013100
2579454
1471842
1733086
734395
2196880
1780978
1811036
2143668
2602746
1708235
1894587
1265144
2066010
1625713
1915786
1510226
2325913
2189340
2515404
2066145
1989514
1815384
1415849
2626489
2171551
2278955
1984276
1480615
1755319
1499787
1871522
2159791
1687525
1326456
993985
1085830
1894207
2535288
1735785
2111972
1507786
1739597
1677981
2011855
2133945
2702457
2024159
2486073
3095101
2119571
1951670
0
0
2386234
2283275
1972068
2180975
1597959
1061801
1400012
1507582
1279255
1585383
1820534
1969286
1791288
2049318
1467987
2144187
2001626
1748416
1843432
1967685
1651165
2233557
1699814
2113169
1944659
1994719
1967860
2137197
2230067
2026602
2194078
1847986
2469516
1461679
1910787
2055481
2283250
1933382
1973905
1835522
1915771
1790847
2118552
2196567
1565131
1519225
1400483
1861967
1947218
1583408
1832039
1453977
1493504
1484440
2115584
2030552
2867880
2555966
2393102
2938589
1646741
2194413
0
0
1603634
1829688
1706134
2028918
2274132
1509973
1359776
1166628
822435
1309906
2146467
1904557
1788807
1829986
2110371
2173744
2499276
2035497
906800
921478
1092519
1515389
2476824
2257583
2770641
2321511
2667824
1770911
2722321
1713013
2462767
1788945
1654560
1997798
2309210
1885325
1779799
1716708
1509264
1635046
1706201
1798655
2414139
1634914
1550418
1828679
1668168
2548236
1715765
1443250
1293580
1641619
1626766
1765358
2477332
2200489
2497861
2524926
1969780
2534260
1658164
1465663
0
0
1011168
1416728
2021870
2447051
2179187
1674355
1071846
1185716
1092527
1427914
2375517
1512263
1836847
1517108
2145169
2128602
2006207
1524090
925329
870416
1226495
1262239
1905918
2048723
2811338
2042809
2196990
2260433
2228217
2133871
1682284
2048470
1794410
2233605
2084799
2065793
1137295
657867
559197
1113792
1651765
1803885
1434603
1907754
1172386
2333172
1486862
1725572
1415126
1554303
1899186
2547881
2339258
1927967
1993003
2355715
2196524
2545351
1787592
2229528
1539475
1754191
0
0
1287278
1718772
1461967
2030184
2520028
2483942
1319239
1479594
1456751
1721212
2726582
1608429
1841897
1753029
2372666
2028816
2135294
2308391
1370582
844099
497883
520299
1193230
1812639
2007961
2565147
1663608
1892123
2039815
2316115
1819689
1449683
1273793
1539781
1673474
1644097
1157038
1047973
1367438
2078553
1651422
2075289
1220584
1470847
1333436
2183033
1683728
2157432
1504416
2088387
2652860
2316916
2357739
1589334
1828124
2130393
1571549
2274689
1813620
1559970
1465468
2397135
0
0
2073459
1887219
1641796
1773170
2105783
2080773
1708521
1509734
2117466
2705840
2563696
2024451
2465226
2266552
2512433
2183888
2511162
2220812
1415614
1084973
1079573
1085749
1388292
1476023
1699867
2141226
1764336
1393416
1665764
2308177
1900533
1647095
1674399
1449015
1932317
1438107
1418397
1118754
1705625
2098375
2505128
2027423
1604597
1518913
1416976
1655812
1190753
1453276
1560610
2362599
2230145
1565819
1760112
1228510
1751206
2034766
1755914
1879163
2055111
1980099
2063310
2391039
0
0
2134095
1760184
1792786
1409855
1888436
1764132
1135326
1833450
1582665
2253989
2245078
2168360
2265453
2364176
3056167
2542794
2571847
2045431
1672212
861628
1392065
1308310
2184659
2246329
1862208
1948714
2152713
1291875
953227
1849474
1548530
1440648
1950950
1775825
1531222
1321860
2006025
1910025
2153812
2056531
2418777
2329320
2338466
1088792
1765492
681773
1425654
1792113
1497738
2167314
1720969
1124970
2217225
1783553
1765355
2044358
1896172
1230970
2210591
2200983
1819114
1950552
0
0
1868592
1335061
1306558
1765874
1860679
1149807
1449678
1174065
1356319
1840588
2180368
2228599
1929857
1813526
2006578
1833700
2307439
1306279
1380177
517231
1625494
2068104
2210696
1460094
1703496
1850363
1968683
1324905
1638928
1785980
1544773
1680962
1703919
2309243
2042877
2042189
2217047
2311160
1689813
1488471
2107549
1621689
2505222
1561181
2587749
1414049
1768659
2027562
1593121
1941244
1234556
1557202
1853585
2223424
1940928
1545868
1987685
1927570
1894967
2434132
1899381
1783862
0
0
1284877
1392514
1902231
1060058
1879844
1121726
1903172
1432377
2118627
1725347
1960997
2053210
1450621
1133023
1468409
2126716
1964549
1768327
1399568
1331298
1258674
1522032
2333541
2364210
2228285
2265285
2416284
1560192
1799761
2241560
1610568
2308415
2113547
2088093
1614987
1849488
2775788
2424676
2121827
1373526
1698248
2083790
2551599
1962764
2475075
2488254
1891423
2478964
1973467
1861779
1633931
1434746
1703612
1855646
1705294
1670998
2127713
2367705
2595304
2343871
1448252
1504369
0
0
2438404
1223245
1937620
956625
1807208
854977
1629165
1696392
2358953
2473346
2704011
2173680
2007040
1807016
1651277
2075523
1680776
2251881
1662445
1891195
2491285
3010787
2313967
2578342
2644315
1451692
1200475
1654183
1953171
1947081
1995895
2217851
1734731
1659874
2326838
1670357
2733342
2085556
1957642
1786346
1620926
1655012
2538363
2759797
2315486
2476126
2466258
2402535
2354109
1286392
967386
1293419
1470813
1743745
2087082
1463289
2569752
2852274
3112882
2250559
1648089
1700231
0
0
2103957
1732840
2008343
1138380
987502
1011352
1863840
2003046
1975566
1953576
1770474
2333034
2398714
2179880
2238063
2250510
2217666
2357835
2948017
2864812
2496593
2803781
2180987
2398311
2108755
1539316
1690808
1696704
2052543
2071533
1494146
2153861
1577833
1461735
2300504
1692273
2520581
2331367
2372602
2133394
2236920
2828604
2575981
2313339
1435324
2348653
2049088
1965496
1669792
1205771
1329984
1884438
2019139
1013203
1710776
1581697
2001472
2365682
2202312
2655573
1830040
2170813
0
0
1795819
1618254
1200717
821627
1632717
1520864
1663604
1916084
1499909
2349872
2073885
2044180
2474709
2016264
1765492
1964714
2679215
2520521
2678787
3069423
2345847
2923107
1657190
1954557
2197205
1702038
2046349
1655571
1711752
1839209
1446295
2397040
1710140
2086313
2308632
1549174
2919195
2573433
2548534
2540712
1861550
2019486
1983810
2070131
1619953
1392160
1507067
2166700
1512832
1619533
1866165
1288217
1747889
1351843
1260273
1433621
1186920
1758105
1225653
2271435
2565265
2192230
0
0
1182714
1015542
1500578
1248689
1421237
1351677
2029688
2123228
2371522
2352684
2056805
2216799
2275385
1779669
1990977
2220918
2361885
2644319
2170491
2414457
2265497
2732734
1835574
1626020
1940211
2269262
2395540
1849365
1755851
1899509
1917255
2220368
1764685
1518973
1904380
1936090
2458447
2129254
2002414
1735260
1694145
2010385
2215781
1476389
1741554
1426294
1608152
2327281
1982408
1870727
1940191
2406446
1741206
1099526
1295147
1603832
1104625
1513068
1533491
2384706
2262513
2140182
0
0
1371077
1277019
1153497
1054636
1773309
1405506
2153777
1976276
2112653
2165468
2356551
1367884
1419050
2458925
1887229
2432245
1186924
1335281
1656201
2734477
2248148
2703125
1853551
1470181
1844265
1878677
2324939
1990399
2218980
1763588
1545802
2388876
1640023
1506190
2156318
2255380
2730854
1757957
1943316
1824614
2304264
1680236
2162425
1528133
1692476
2045286
1416773
2114848
1487763
1852226
2010862
1827600
1077747
1769116
1884868
1874239
1099939
2126706
2295667
2061679
2328148
1569799
0
0
1858138
1552298
1324607
1196948
2321522
1652453
2363664
2681675
2227718
1884166
1296994
1813050
1736570
2174985
1517839
1544263
782028
1663516
1494439
2074249
1876581
1642650
2250920
1446554
1580467
1761701
2209005
1882613
2053369
2127224
1443228
1367322
1786263
2065706
2348858
2408788
2204864
1710251
2430325
1873743
2256310
1850104
2093580
1328920
1289895
1905416
1991945
1691783
1584523
1688649
2186965
2246996
1989359
1449847
2392484
2304320
2003427
1962283
2665530
1657205
1605186
1600462
0
0
1734496
2180643
1937596
1267437
1988091
1999697
2173756
2099562
1936513
2288131
1788318
1371851
1404729
1739309
1668285
1904399
1883541
1659881
2547446
1796501
2306434
1793198
2733915
2343377
1547664
1875434
2518804
2420449
2133172
1711312
966754
1417177
2215249
2183398
2426676
2138490
2307261
2254784
2414284
1842202
2273614
1749045
1767842
1537207
1946326
2376881
2389980
1191131
1830870
2249489
2350097
2196200
2174016
2132870
2284962
2648723
2209000
2261622
2747582
1665684
2013713
2477882
0
0
2508913
2332716
2364062
1703797
1709075
1254988
2400015
2411834
1910771
1881486
1521810
1364018
1439129
1509409
1729520
1746472
2133842
1784618
2597382
2380555
2770479
2948996
3264361
2879679
2485018
2317121
2491930
2748417
1846867
1378771
1590516
1209367
2518718
2190897
2369144
2036394
2072492
2266913
2956226
2173111
2368900
1619029
2162906
2345489
2311948
2175938
2016500
1698855
1176355
2329105
2209878
2229345
1981675
2223961
2045343
2747314
1997750
2560096
2510288
2132380
1677238
1295046
0
0
1860612
2370035
2307750
1584402
1785660
1678030
1740673
2714916
1731308
2650100
2017193
1829742
1192885
1862758
1471408
1200759
1720340
2068039
2548163
2443265
2028175
2901215
2695308
2538082
2386848
2653928
2081723
2593880
1850304
1733392
1952542
1653797
2097667
2588973
2329795
2151307
1866804
2112407
2596158
1583735
2676537
2368355
2332885
2129390
2665334
2080083
1613801
1411535
1775758
2550053
1741263
1241741
1722310
1874914
1367879
1418766
1143584
2083025
2418841
1708951
1696793
1016337
0
0
2173008
1803364
2586367
1426618
1789838
1965534
2056050
2684103
1552713
2119588
2292647
1763296
1854531
2339586
1765056
1881862
1847003
1956867
1642622
2237787
2107485
2109558
2734016
2042374
2221529
1867119
1702683
1900896
1533925
1462890
1959793
1829375
1815258
1836068
1611120
2239027
1668959
1076014
2113904
1921894
2236029
1736853
1979819
1810542
2245726
1890058
1124790
1829740
2452062
2635595
1937904
1138241
1374302
1066586
922126
726754
929531
1628065
2216696
1305232
1048109
1048904
0
0
2317174
2002890
2142157
1609543
1974345
1992301
1748435
2186298
2512999
1704002
2663503
1763028
1720468
2360427
1891506
2356864
2202130
1707581
1900095
2354788
2253561
1499105
2106237
1813715
1970565
1666390
1932044
1192093
1132985
999829
1609795
1179013
1002573
1538671
1815065
2153255
1631854
1606690
2205250
1865939
1301933
1179204
2094600
1987232
1574223
1982144
2246488
2298906
2633175
2191918
1567685
1699590
1389793
1217751
1328425
1513889
1534826
1922680
1850699
1380753
1125315
1697630
0
0
2013800
1964250
2634669
1554853
1392573
1683282
2207837
2675535
2308198
1683589
1926760
2023563
1818532
2402310
2769802
2599219
2366329
1639644
1497684
1289192
1482138
2230479
2088764
2056301
2417146
1343345
1190707
715854
1314756
1072314
1523536
1250570
1866948
1843115
2125829
2480485
2380160
1856733
1527008
884188
1421002
1952928
2425188
1986889
2079346
2310911
2928324
2413909
2151672
2356287
2451247
2346649
1573500
1949751
2316097
2235559
2402583
2373968
1903640
1429999
1298101
1653040
0
0
2777106
1660517
1809602
1887503
1366894
2272403
2231157
2404861
1473303
1702133
1746422
2184079
2077909
2323799
1978499
2344516
2071546
1461828
915492
1773438
2061132
1798491
1851764
1542464
1416955
1517549
1420527
1136256
1970675
1715528
1901961
1799013
1820257
1909959
1964687
2166882
1460932
1152926
1687917
1331059
1364815
2003356
2181015
1729638
1957819
2486176
2739587
2179233
2356394
1917836
1999951
2047184
2425188
1946758
2679757
2450741
2400702
2133945
1404644
1946735
1790871
1713082
0
0
2368741
1604508
1376691
1436912
1281221
2028451
2014808
2279242
1748161
1812140
1471949
1804328
1593864
2461708
1406258
2483576
2080394
1692216
1376596
1653400
2226834
1655651
1663561
1851278
1919453
1258270
1768296
1908401
1469744
1645619
2030935
2098738
2331310
1817490
1354852
2036988
1749648
1927637
1838316
1767568
1552682
1402876
1447079
2083700
1951629
1659506
2329845
1778042
2457187
1988623
2340238
2231908
2260725
1664540
2405870
1674400
1858688
1252126
1745460
1280506
1653331
2437969
0
0
1812824
1453853
1043674
1686222
1138577
1338042
1891222
2173272
1999280
2030248
1918860
1704517
1685306
2487870
1680247
2461075
2454564
2289802
1435852
1454453
2060478
2471162
2489442
1972884
1625355
2052411
1646452
1712037
1760281
1548371
1885922
1986367
1944131
1696639
1880677
2296949
1584828
2006880
2324030
2155024
1922553
1814977
1519212
1086268
2050933
1268167
1883650
2449386
2855089
3139701
2699740
1870818
2079397
1339035
2117785
1401966
2050322
1025072
2113811
2172561
2340656
2304680
0
0
1180731
1760832
1600253
1736174
1438457
1165463
1612307
1806547
2255833
1629022
1872940
2104368
1989502
1961208
2086407
2173342
2302479
2541566
1280191
2047473
2281433
1711268
1834887
1887155
2544250
2235600
1641920
1109790
1802494
1819328
1276937
1669933
1800150
2144974
1660591
2057053
1676904
2065949
2127839
2654703
2267102
1364483
2029736
1449613
1485408
1567129
1510420
2222186
2211395
2828241
2487251
2002575
1643098
1348179
2083532
1814807
1820524
1829464
2043010
2050246
1875845
2113786
0
0
1780474
2298284
2330091
1901569
2078566
1639297
1838162
2213383
826795
728991
1837936
2033828
2022841
1787951
2562099
2784757
2201945
2718756
1974847
1387014
1695358
1208941
1379355
1719167
1923256
1408387
1770228
1261541
853848
1354475
1252593
2422042
1828984
1863214
1744648
2340631
2362733
2790501
1591313
1819050
2234139
2102670
1914069
2199538
2094498
1879307
1039392
2078917
1731880
2738539
1517862
1384360
1993130
1477493
1614962
2251518
1318711
1675022
1926673
2514492
2185797
1594798
0
0
1532919
1846777
2363920
1529960
1076863
1881483
1427346
1634339
1014410
1401879
2129446
2718608
2745741
2597141
2249569
2326184
2614292
2791566
2436428
1616515
1386475
781031
836505
837584
1854315
1245083
1491954
927835
1609113
2074658
2307533
2045766
1605989
1962954
2753727
3066923
2344347
2506418
1751778
2172397
2796400
2409533
3072761
2518349
1814501
1732584
1507922
1894524
1651636
1977479
1754132
1730580
1695858
1518713
1915023
2251454
1973918
2175254
2120118
1973819
2292263
1966838
0
0
1533189
1999982
1031320
1295150
697961
1844238
1613012
2715264
1725882
1581589
2007703
2510348
2340496
1850448
2299805
2030943
2673237
2382044
2098055
1357269
1054651
769093
1210025
1245598
2004139
1379296
2130091
1684048
2566926
1750998
1990929
1849201
1965865
1896125
2165190
2525040
2047789
2219891
2217991
2463970
2539844
2188369
2764660
2815238
2367527
1492864
1858622
1681774
1420781
2254450
2026199
1292797
1943649
2440584
2566187
2344772
2390654
2055621
2231404
1739309
2380738
1961825
0
0
2113756
1687451
1459504
2028817
1251020
2194818
1376800
2634252
1831539
1901850
2155767
2232029
2623789
1719388
1934670
1668422
1891563
1997295
1516077
1399827
1585938
1531726
1307876
1605912
2322032
1967570
2624317
1908284
2059914
1945667
1785420
1950967
1447396
1296294
1215579
2036933
1826885
2202266
1583946
2225473
2383370
2229635
2105556
2494206
2563178
2151644
1845477
2202249
1898754
2377018
2413320
1399936
1493522
1715951
2379724
2020114
2581395
2303624
1572843
1266732
2048369
2023360
0
0
2273123
2208723
2194788
2489073
1690637
2315223
1126300
2213872
1682665
1590269
1772027
1846846
1456768
1650300
1819835
1953063
1726372
1608529
1255874
2292976
1507749
1794240
1713654
2116048
2064312
2593255
2552709
2048529
2050315
1971261
2315063
2300663
1591878
1239303
1136779
1996055
1800598
1261199
1937933
2172051
1457953
1697503
1568914
1787678
2289009
2661615
2243024
2691760
2618898
2768099
2469317
1710518
1628490
1872173
2295441
2641756
2379625
2455129
1343085
1937461
1672030
2249062
0
0
1530893
2449071
2521662
2441923
2061150
1746219
1517602
2226107
1503071
2204957
1452869
1898043
2437216
1869759
2240629
1595800
1760639
2074148
1635967
2481748
1756287
1786552
1686274
1982080
1590748
1707696
1546410
2039705
2134301
1940249
1714116
1555201
2176835
1307555
2018791
2255762
2246071
1473604
1478416
1368639
1740601
1732229
1306182
1731341
2167287
2398295
2322105
2752668
2609967
2836653
2411616
1534542
1396637
1455205
1591686
1917057
1316131
1892517
1343184
1743840
1225956
1246767
0
0
1345170
1898089
2585690
1919422
2133439
1963959
1858503
2298285
1958699
1962094
2404640
2136104
2225799
1929281
2218562
2219328
3032489
2699486
2149996
2134649
2239747
1924761
1442467
1687936
1085382
1904786
1430380
1932935
2011519
2370714
1771692
1659359
1891841
1798974
2331123
2566442
2454750
1478930
1400880
1352313
1570915
1440610
1707592
1630254
2691990
2762904
2445267
2843205
2814859
2695136
2271238
2096487
2005018
1274258
1353409
1281544
1394572
1246923
937977
1502138
1076884
1211302
0
0
2017258
2756452
2380630
2153942
1438429
1112968
1548773
2083412
2184283
2194142
2206914
2000972
2561496
1801881
2527821
2268304
2739547
2366007
1965629
1442631
1509955
1813926
2105929
1822790
2017023
1664086
2118457
1927809
2055046
2234224
1561983
1643549
1827269
2055833
2352005
2187265
1954802
1257747
730736
1197054
1971995
1702618
2182586
1473110
2131782
2404817
2328993
2839198
2293602
2543799
2418531
1662417
1437489
1192521
1876193
1026710
854911
1085428
969803
1522948
1245671
1914177
0
0
2351969
1932992
1629249
1825529
1397839
1537672
1846179
2002017
1419463
1365579
1950882
2072440
2395425
2051283
2021216
2609668
2011357
1881830
1593822
1604654
1926626
1953943
2572918
1554597
2168524
1544490
2312039
2359321
2224791
1963257
1039085
1892496
1883766
1789674
2026954
2262964
1415951
1147785
1362128
1888071
2565786
1981148
1925712
1167195
1310178
2154873
1816442
1918099
1536093
1935273
1619089
1032712
2058168
1567487
2076573
788936
1310666
1696186
1363618
1894730
1853140
1741950
0
0
1776038
1967969
1689447
2005943
2466481
1971059
1582361
1866692
1249972
1940305
2164095
2516383
2224763
2700308
1717703
2035329
2007518
1564957
1471180
1899140
1197167
1567778
2066407
1770072
2291006
2600425
1438935
1720345
1005876
1732724
1300560
1630452
1785946
2138748
1971217
1734998
1686391
1518326
1876420
2882564
2886413
2569417
1843311
1391021
1777646
2128143
1544504
1116604
1280352
1099868
1846460
1094970
1207987
1132244
1959651
1628549
1343193
1835941
2191400
2121810
1519782
2125593
0
0
2116058
1991273
2619066
2274945
1587286
2179662
1578071
2241094
2209708
2096219
1486315
1919608
2062551
1918749
2110356
1610436
1498540
1786817
1443455
1869527
1601569
1563921
2008945
2224423
1863778
2339926
1658639
1635513
1441854
1994029
1958887
1390349
1880405
1763046
2054292
1983363
1660740
1890081
1905226
2842864
2148831
2267150
1958292
2144974
2155455
1847443
1461733
1276236
1902554
1586407
1217221
1162254
1380481
1480394
2093930
1861664
1669297
2824666
2608931
2149713
2001918
1994279
0
0
2985380
2581403
2838019
2452218
1390611
1679385
2120588
2680111
1838066
1804215
1911143
2393049
1941108
1707448
1637045
1749624
1774584
1012991
1768335
1941206
1630806
1545245
1743126
1307882
2079219
1945811
1929850
1376750
1550403
1866784
1859067
1674682
2013658
1689379
1104583
1707384
793964
1895016
1412673
2245428
1455751
1879630
1781213
1496210
1507424
2193453
2475477
1624144
1367249
1183035
1845941
1460443
1237948
1432108
1752552
2416100
1840001
2765259
2437793
2399588
2467283
2709337
0
0
2679102
2204561
2142457
1763586
1294329
2111185
1828368
2996215
1849584
2312624
2138335
1950964
1418298
2116820
2122303
1513714
1702016
1361031
1653634
989655
1543143
939075
1401142
1502107
1970252
1958073
1826503
1920954
2472297
2145069
2418568
1673888
1359655
1613357
1356015
2233598
1720327
2099869
1067991
1505365
1187307
1128169
1014720
1869601
2319385
1945448
2139151
1961062
1925735
1999030
1564525
1744289
1812066
1866019
1263349
1573063
1117660
2030870
1965766
2090915
2628251
2474934
0
0
1833876
1316343
1310214
2002448
1439508
1948526
1428954
2093446
1735351
1755888
1585831
1851483
1558051
1429505
1481834
1222773
1738670
1365782
1655011
960116
1734295
1651418
2040293
2342350
1898118
1518381
2313709
1999222
2221864
2105836
1244476
1230222
796104
1238813
1831152
2261421
1580488
1967495
1922540
1283859
1357233
1457548
1648301
1572969
1918730
2437488
2065402
2697561
1859272
2154846
2850283
1971959
1737480
1570661
1260362
1406269
1702030
1638744
2081657
1764241
2391634
1582503
0
0
1173816
853419
1037602
1300780
1461100
1647085
1029261
1932729
1514598
1657115
1496179
1695338
2149222
1758631
1215862
1160877
1602186
1566931
1909183
1557177
1586493
2406498
1958117
2179825
2522161
1654434
2158613
2434944
2083811
2753575
1829751
1319056
1189764
1212959
1682287
1687127
1927737
1405933
2274028
2421836
2055667
1297024
1537237
1627323
1137956
2121020
1544564
2375008
2300750
980830
1763609
2043632
2455852
1210161
1672346
1224242
1584987
1061438
1819220
1269415
1470642
1597209
0
0
0
0
0
0
0
0
0
0
0
0
0
0
0
0
0
0
0
0
0
0
0
0
0
0
0
0
0
0
0
0
0
0
0
0
0
0
0
0
0
0
0
0
0
0
0
0
0
0
0
0
0
0
0
0
0
0
0
0
0
0
0
0
0
0
0
0
0
0
0
0
0
0
0
0
0
0
0
0
0
0
0
0
0
0
0
0
0
0
0
0
0
0
0
0
0
0
0
0
0
0
0
0
0
0
0
0
0
0
0
0
0
0
0
0
0
0
0
0
0
0
0
0
0
0
0
0
0
0
