%%
839
147
454
933
267
957
355
72
849
363
305
928
270
225
325
435
360
864
613
963
275
226
352
728
579
208
66
205
821
605
139
858
661
125
248
803
122
165
889
868
617
623
518
941
678
841
428
481
621
9
913
760
520
738
135
606
326
552
697
744
559
407
303
282
969
393
115
451
818
553
655
481
255
353
810
326
180
447
735
23
31
725
70
666
911
772
26
766
475
267
415
976
488
521
402
94
198
952
862
198
106
729
802
769
63
60
194
967
845
632
262
309
911
722
571
496
167
874
884
582
804
961
140
578
660
640
949
411
552
619
945
269
726
555
354
488
122
218
110
413
795
103
515
776
844
781
272
432
549
710
337
568
515
779
276
171
179
132
940
774
646
770
282
477
499
123
330
862
381
132
385
657
282
779
556
548
871
998
145
897
140
866
595
464
275
132
775
462
40
957
915
824
926
663
622
638
612
958
201
452
682
55
582
910
396
374
504
900
910
519
442
844
324
517
438
5
411
708
540
729
947
266
726
428
530
433
920
262
161
765
598
277
339
346
275
647
89
728
50
820
835
682
394
82
584
889
973
74
28
424
936
672
995
188
203
363
342
169
864
474
532
166
936
521
838
922
116
728
299
784
839
404
637
-893
954
-1927
1358
784
-323
-2825
-2606
2743
2729
-2558
-98
-3281
1518
465
200
1610
-1028
2202
1854
595
-1753
510
3053
-4148
2215
670
1469
-533
476
252
675
-2649
1477
-1432
-1087
-2883
4145
-1658
-1677
514
-176
-498
-994
1039
2305
304
561
-1065
-598
-2208
1804
-1084
-2409
-721
1062
2482
-2643
725
-2639
1454
827
592
980
-2220
2149
-1112
2652
-1193
-1531
-799
1601
-717
243
-2095
1675
981
897
275
803
-2242
1044
-1803
-2658
-244
1245
1317
236
-2042
2983
1126
-2992
1998
-1402
156
23
736
2427
-422
2885
-983
-1574
906
1008
179
-2442
-1310
-1597
1064
62
437
904
1329
-1219
2693
-1103
362
1016
-775
-152
2334
1657
-2391
2063
-2258
-1179
868
17
889
-53
-1494
-153
1969
-2087
749
-189
-1493
-649
2192
-2155
3394
-2324
390
294
-1058
479
-918
3094
-3231
4127
297
-1574
2128
2111
623
325
-3572
2479
724
360
-869
-313
-2755
-183
1913
-4206
181
404
-2623
2556
1199
-1983
-598
767
187
763
-618
-1867
3157
-3869
2044
2150
258
-1494
2360
-1195
-3362
1192
847
1256
304
641
2642
708
-710
1969
553
-995
156
-1714
1218
123
2372
870
-1460
351
484
604
-2284
-312
-2720
3202
-3468
1111
-752
170
2470
376
-2142
535
-1642
-1842
923
336
450
196
887
348
313
122
135
339
219
695
884
325
357
503
298
519
859
857
332
87
603
184
459
356
924
846
874
662
900
488
330
769
-2301
-1264
-1751
-697
783
-1192
2041
205
-997
-2152
-45
678
328
-1049
610
326
-1182
342
1000
416
-686
2237
1733
-1034
3037
-988
485
1348
-1987
-1868
249
494
1897
-898
352
-804
3426
-1246
-546
138
-2152
2268
-3787
2683
-81
-414
73
515
1019
2260
3278
-1737
-2762
3382
303
-1375
-2043
-502
814
2580
-2270
-429
98
133
-116
613
-1006
-2851
3358
-1911
3629
-2635
84
1392
-2718
-2620
2092
2090
917
949
-3458
1344
-1267
3903
704
-1313
-2686
105
-1791
971
1809
-493
990
-3113
963
972
1947
-4128
2253
192
214
2942
-3417
260
1823
-2123
2897
2115
-1062
-1659
664
1
788
-1169
1541
-2961
2253
-2235
2670
374
-2074
3552
-535
-990
2509
-2170
818
830
-912
-742
-1048
2870
-2035
1107
683
-2520
667
-2350
1817
579
1158
219
740
750
-57
1100
3669
-4361
1546
-1883
-534
650
2116
-2464
1480
-1576
2113
-1313
40
82
1867
-2135
959
799
-957
2511
847
-1434
3
604
-1694
2715
-1613
-762
589
835
206
-920
-392
609
-3306
-2312
1694
-2550
2626
-634
-1216
-1743
3446
-2515
953
595
-3199
-1190
902
-2535
3085
2617
-2553
4164
-1057
-2474
830
-375
-2965
2746
698
187
2214
-540
2300
601
-307
2872
-2715
-1722
-2009
2241
62
2413
2683
-518
213
522
397
764
381
599
187
639
760
654
266
164
844
606
733
819
65
990
897
753
61
153
167
145
927
511
575
499
884
660
203
349
426
580
-1146
977
-477
55
2420
55
-727
-2336
-1325
-1476
2374
-1768
847
1422
199
192
2020
1883
-3804
3215
-2775
138
-1650
2066
2185
-498
-2148
644
1561
3359
267
502
-837
-600
2796
-2043
-1130
-336
1934
-1246
-2352
857
2933
-2429
1383
-1422
533
381
2695
-2317
-389
-249
841
1261
-2503
-1782
3411
-2062
-880
1956
1442
-595
196
585
743
-1237
-94
-1176
-2635
760
1421
1068
-121
2781
1236
-1906
-1908
776
237
666
1807
1665
-2004
-1608
2760
-2969
3263
-658
465
-1758
-51
-2310
1581
1332
540
519
-1861
2023
-1241
568
-1877
238
-439
1028
-251
-1020
-1747
1402
1909
-1607
787
274
1365
-1411
77
-872
-1678
-1925
1495
-1044
-1239
5
-2293
2493
2
441
511
943
989
2775
2921
-3005
971
-556
657
-658
1886
-1172
-410
-1319
-2061
-1168
154
637
-1614
-1936
-3394
3354
-325
1820
-85
-3097
2124
494
-445
-1820
-752
311
376
413
1688
-658
-437
125
728
-679
-1012
474
-1770
-1130
302
900
-15
-2295
857
809
358
-1747
3062
-770
3074
-2002
-1016
-95
-32
158
1713
-1897
947
1859
156
175
984
3107
-909
28
-2888
-396
2541
-3039
3833
-2138
1524
1614
-2858
1555
804
160
217
-2694
-3614
2927
-1792
-2204
2565
2406
-2458
-218
403
-2579
-2177
-919
371
684
845
646
735
743
219
195
459
681
782
393
644
807
815
713
533
633
289
556
639
631
901
438
58
876
160
51
481
286
153
371
217
929
-1911
-1060
-2715
-258
-346
-712
-1724
1343
-853
3544
-524
2914
37
-1021
2
457
1553
248
2514
2108
1991
817
-2949
1326
-11
-2489
2240
-1573
-156
-2535
596
932
646
-2966
-7
-2266
-534
-2413
4384
-176
-1701
2756
-3201
1002
-2413
-942
321
893
-1796
3426
-1219
1294
1081
-173
-2893
1930
-145
523
3157
-1636
1351
-891
32
962
1242
-1371
-586
2778
294
250
-332
1725
-1798
-90
-721
517
-1727
2542
575
460
-616
-2000
2023
-1892
-349
1058
-2094
-2733
1768
2237
-1464
3573
-1171
-3268
665
463
-1605
2709
-1985
2718
-2176
-1604
2846
2507
1187
-657
1005
-3650
-1814
560
955
157
-1766
2294
-1285
-1437
2300
-150
-108
-2503
2009
-1558
1126
1349
-840
1180
559
571
1246
-1595
-3127
2144
661
974
1230
2347
-2840
-235
287
627
-1154
1112
583
753
2859
63
1189
228
-3142
-1986
2544
1463
-857
2616
-2207
361
3224
530
511
932
-4861
2054
-2261
2220
1077
1467
-986
1156
1390
-325
784
2588
-2165
-1299
136
234
1778
2324
-2690
-1217
488
1762
2907
1603
-1104
1874
773
-2395
-2772
1691
801
693
1171
-4168
2939
1810
-1951
186
-3827
3752
-2313
-275
790
10
1583
2044
759
717
1427
-679
3065
-1484
2624
-469
-730
-1636
947
-1440
3106
999
1245
-1805
463
578
825
102
547
779
491
64
445
937
206
153
2
68
307
288
803
466
53
314
562
224
267
34
969
621
742
802
765
321
166
439
350
869
-2660
3066
-1044
4383
-2732
3312
823
439
-2063
452
-3870
911
-2420
1149
729
518
2688
-2294
2291
-4240
516
-3591
1939
1773
1157
-1877
1325
666
2719
-1673
689
493
-1401
3742
-3061
4116
-590
1437
-1824
-3374
629
-1816
2415
-1452
1777
2175
903
246
-246
-2742
2078
-2397
-272
-938
1693
-372
880
1787
-2613
3015
-2961
-395
320
84
-1551
1039
2325
-1672
3449
-1200
1263
-2109
2200
-3490
-1321
891
1356
-156
366
961
615
-1472
732
-752
-1970
1808
2956
1165
-484
3175
-2450
1175
-620
3460
753
151
-1720
-270
-890
2608
414
535
-2905
-1187
-1902
-920
-1802
3057
-2805
-456
317
511
3091
-2357
3593
-2383
508
2164
1106
-1022
-560
2194
973
865
531
-488
57
100
2926
-926
-427
1475
2121
-2693
-1227
-746
1467
-817
-462
-2005
2553
1130
587
695
-2201
161
-1309
2197
93
1666
-2681
164
-1997
68
929
1231
-2528
-1951
35
226
2665
2073
-973
-160
-1289
-934
989
-111
-48
3057
-4240
2140
2429
1774
4
253
-308
628
2425
-1973
711
-1248
-3647
-637
1611
-4307
3265
-2192
2621
-3001
663
50
456
-827
-1282
657
2631
-581
3479
-1735
474
222
-305
-1421
1460
-1901
816
195
138
3337
-3070
661
1917
-873
2210
-1639
77
-308
-2202
1623
-501
33
254
345
239
521
181
810
353
410
565
480
497
868
732
673
998
164
944
930
199
747
706
186
501
580
264
790
216
195
210
847
491
350
856
368
1277
2292
-1078
-1590
715
-3162
1995
-1719
820
225
1396
129
114
2033
478
966
-2301
-2462
-1405
3451
-1974
3802
236
43
652
-1309
1068
143
-718
-893
525
713
2850
1345
-1461
-1360
-917
-1197
-113
3806
-1312
2116
-307
-1933
3344
-2300
257
525
-2012
-2061
592
3534
1291
-962
-1866
-2612
772
-2346
687
744
-2113
-462
447
786
1676
-1859
-1054
-2331
-2194
3684
-1109
3299
1250
3071
-2882
2800
-1334
3676
53
550
2771
1833
2146
845
784
-3188
-1937
-2276
-2837
1515
-2099
1797
-717
-3104
787
1
199
-1402
-1202
-1329
2021
-146
-1352
2750
2148
535
2146
-1528
1954
476
187
473
-370
-330
-301
509
560
2253
468
-2421
-1437
-1587
-1672
3300
-2781
-436
396
755
-1787
1333
1865
-3245
-1189
-794
-1463
2337
-243
2682
1942
-3357
2892
294
531
79
-1168
-1902
705
563
-772
-2158
-738
-654
2518
-3602
1187
-2527
1476
-798
732
579
-251
-287
207
1187
2510
-450
367
1473
201
-2176
3477
-2569
-1445
-1366
804
156
821
-2509
564
-530
1207
400
4211
-2585
-987
3204
-1932
1981
-1634
2435
731
330
-185
2184
30
-1999
-1834
-2072
-1219
-1465
-165
-1207
937
-427
-1256
1344
921
569
-1245
-2040
603
-605
957
-991
-1385
150
1481
48
-459
-2318
142
-1073
983
79
385
626
578
997
111
321
326
365
690
438
518
640
520
501
998
771
821
633
375
352
218
892
181
450
934
581
869
743
72
643
679
964
-259
-216
2519
12
-911
294
-2805
449
1177
-1372
799
1616
-1803
-2574
901
462
-2745
4153
-1557
-2221
-685
-49
-533
2262
-65
1673
1026
-2483
-251
-356
82
246
2145
-3433
3817
495
-3353
3712
-888
-2356
3444
-2477
-3006
1965
-679
-1915
726
81
847
3759
-2433
-591
4096
-3071
63
-1419
-298
-1023
2412
1050
2297
2561
668
826
-439
-995
-1307
-1225
-3017
1376
2216
1282
-2744
-1890
1524
-1869
-2083
-2499
711
62
-2750
948
270
933
335
569
-764
-2135
298
1889
-1579
1417
-3224
3838
25
452
1799
-149
-98
267
-1927
1778
965
12
-1628
2147
-1888
1270
1434
1770
42
49
-1516
-1214
396
379
-1104
1672
-1247
413
-258
-567
-2025
-2738
788
-2864
25
918
-181
2755
-3634
1979
-1484
-1566
-1425
2035
-741
-820
1545
2920
-3045
1985
692
183
1588
1088
827
-2981
1718
1758
1664
105
-2302
2891
-655
2786
-2998
3655
284
280
1381
-3449
3309
-2131
92
783
831
-955
185
-911
160
-2109
2810
-3019
765
115
1731
2277
-2596
1311
-1313
1300
-3814
2064
-892
1051
1555
1879
456
-2396
403
74
-575
-1529
1634
-2668
-2250
1864
2201
-159
2172
2208
-2589
-2313
1292
-1405
473
562
1847
-1237
539
2754
51
2063
-461
-914
3
-2564
-1054
1646
2622
-510
862
548
692
940
33
121
207
191
625
559
290
954
980
862
53
218
284
607
91
838
154
900
117
135
128
746
650
749
372
781
575
790
740
596
3506
-2445
1701
1196
2297
42
1466
392
207
-165
-2901
-1184
1669
2193
363
432
1154
-812
-2482
2357
-2995
1237
784
-1765
-2297
791
1198
2182
-1415
983
956
753
-1562
-185
-791
-110
3353
439
-2256
2080
-1267
2679
535
1485
1757
-3132
860
464
1781
583
-9
-1885
-2706
456
-703
404
-994
-2629
1552
-3043
-649
3001
217
362
-430
3010
-862
2021
3186
-539
2571
-2218
1801
2485
-2567
-441
481
-752
651
198
855
-331
1184
1508
-2167
1821
2210
1303
2404
-1148
1878
-1428
3265
-3831
430
704
-539
-1450
-753
-1808
-1168
372
-2668
-345
-171
-1291
779
-2507
1050
2834
49
354
1390
-2291
-1583
2691
-1332
-1027
1925
-632
1641
1404
1242
824
2205
425
320
425
-813
1878
3996
-2282
2148
-2135
1301
-2069
-1853
2815
-1207
144
-1378
-1068
792
313
2340
-2865
-2940
3757
-3268
2466
342
-1517
379
-747
596
1245
-564
-2321
451
176
2902
2768
-3427
1831
2445
-1962
-1985
-991
376
-1804
-272
-2459
2600
644
778
496
-2679
-2014
657
-1503
-2421
477
-1447
859
472
-2415
962
1981
-3193
1583
706
857
2323
200
-1597
2122
2784
188
2601
-3314
-708
443
824
92
-19
1255
63
618
2507
-2319
-182
-1636
768
1942
-2296
-395
3042
-1228
-2245
2351
-4003
2538
432
323
858
179
652
817
106
229
487
601
128
16
777
621
659
772
360
765
315
307
424
150
484
885
80
831
862
882
70
112
607
262
962
29
-1157
-2320
1000
-1952
1904
-1610
867
537
-3065
-377
1329
1710
-1782
119
987
151
-1819
2403
-1048
2148
-231
309
-2872
2608
-443
522
598
-2056
168
-3018
735
321
527
-1762
665
-2382
3297
-3602
1476
475
2505
-3053
-6
2222
-1981
-290
287
942
-1611
-389
-96
548
-2539
3003
1861
-1743
412
365
2122
-68
-597
182
619
81
2406
-3489
400
148
-1193
-2513
-3018
2733
-980
-2884
-233
2518
-881
1447
492
99
2073
986
-234
-194
2481
1282
-202
-710
-2538
3535
-1095
-72
-1785
164
969
501
-3771
2259
497
2895
-2153
1354
-1581
2460
19
-616
545
2645
-2439
1603
973
99
2878
188
663
-1394
-33
84
-1033
1281
930
-2908
-617
-2790
-961
1013
431
821
-478
772
-2935
3401
-699
2643
1300
41
1157
-1242
1422
2202
2130
-2048
173
181
-468
2843
-720
-1542
-1089
-1292
826
1544
-397
-787
-1915
-397
30
2179
301
848
-1893
-3338
2485
762
1936
112
1818
248
1518
2428
-1286
2032
918
-2307
776
861
-627
1443
1181
25
-2484
972
-3808
1578
-47
78
859
-256
-2467
-2172
538
270
-2493
-4
1609
1886
-2056
1904
1257
2014
-442
344
688
419
1882
1006
122
658
-2716
2604
1377
840
-1785
584
1622
1913
-3827
3110
1123
-3149
2994
-214
739
225
352
407
762
142
124
735
963
55
944
380
817
848
174
677
97
166
707
305
677
727
464
197
856
369
906
3
964
462
446
455
736
343
-2246
3263
266
-2841
2840
-3164
2375
1554
1430
-501
1882
-3275
2619
-2108
596
787
866
-1430
1218
156
2081
-785
-2326
3010
-533
2838
-1805
1864
-1332
4420
190
21
1326
1759
3107
-1535
-2210
2136
-1914
-2814
-1171
-2126
1819
1046
-1034
-1787
153
806
-1316
1933
-2777
2312
-3196
1795
2434
-3019
2468
225
-2040
2235
-91
-104
854
110
281
-48
-1216
2189
3388
1724
-3026
1666
-2504
717
884
756
-185
-1162
307
834
-1963
-2642
463
-820
-1443
-1636
-1338
2404
2159
-2214
-1769
1638
1420
-2283
511
336
282
2333
-1908
-2788
-22
562
-1299
-1363
-2424
-706
1126
563
-2793
-87
838
670
2625
-2653
1767
3419
-951
-1132
-505
2371
377
2745
-2780
2460
-1
-2792
987
934
465
-769
702
-982
-3096
-859
932
480
154
1899
-2239
-1988
-1245
-45
144
39
-424
-207
916
-647
2871
1893
120
-931
-3364
-468
1538
972
259
192
881
938
-1165
-1279
1863
-327
-1147
-2853
602
-937
667
-1091
1749
-2304
-1786
-827
379
19
1610
2011
-4156
2421
258
-1363
2397
-708
898
-1333
273
2444
2121
1623
591
750
-124
1950
-3169
-2727
3689
-872
-593
360
-1450
918
-2137
-2140
-2429
2479
440
616
-2774
-566
-310
2364
282
-2709
-2986
457
-617
-1250
2359
3202
-3534
-613
966
841
606
781
780
429
833
566
367
972
759
861
508
426
759
484
443
743
806
782
293
176
609
348
758
598
451
4
502
351
454
566
691
163
1748
-1189
-2367
-451
1164
1832
-2244
-2711
2779
-824
-1702
3748
-772
-1436
499
630
1569
746
-192
-1818
-728
933
-931
-567
-1505
-1409
-737
-178
2089
582
559
539
-2883
-321
-2790
1837
1252
1060
534
2150
1377
-1571
1483
-1366
-2283
1001
481
278
95
2285
-1707
-1034
2399
-2466
607
1553
452
55
1290
-2307
186
-681
892
84
1467
1740
-457
-1072
-2893
2301
797
2023
-2456
-173
180
-1136
1050
-111
155
731
71
-1411
-457
-1193
3243
-1813
831
1413
-745
-2243
3143
-2874
-1601
2684
160
991
1170
1983
964
1301
-929
1065
-1814
1814
-3023
1496
-2885
-772
2892
-1147
920
242
-3458
-598
328
-2406
-294
-1206
-2072
-1948
1481
1723
-677
1015
1181
-1750
936
381
1381
360
-26
-1302
3367
2194
1522
-2674
1301
444
2173
-2656
75
2553
666
268
-1908
2821
-709
-1059
758
-3206
-1180
2815
2638
-957
-2604
1615
-1744
-1021
270
480
3031
1384
245
2563
-1203
935
-521
1457
-3152
3422
-1898
3404
-249
-349
692
213
-3328
-248
2092
-1459
851
1982
-3126
2708
255
-2982
-809
99
-846
-1213
142
927
1443
-2950
3769
-1571
-3570
3207
-2775
883
1551
-158
-771
2377
-1115
-1640
336
101
2496
-490
-1358
-36
556
688
3697
-2853
-2605
3942
-2598
-2767
589
2211
356
12
569
673
889
127
301
758
254
519
992
5
219
789
959
335
334
716
360
522
751
971
250
299
965
140
25
91
360
988
849
909
782
727
752
1192
2309
-712
-782
-421
-807
-301
-1542
1389
-338
-3869
-1953
-2329
782
631
451
-2845
54
2246
1806
-1178
3653
-1653
1807
1310
1880
1664
930
-2411
722
324
3472
-2588
699
-52
-681
619
-2705
-1737
952
-1488
244
685
-1497
1306
490
73
-2109
1783
-566
-63
-1205
-1944
802
-72
1640
-1457
-1138
825
2474
-2735
418
605
513
838
209
1222
-2460
-1089
-2565
-856
-933
2950
-2797
496
532
2598
354
421
785
1076
1327
1776
1404
-1240
699
449
-486
3338
-2380
2746
2141
-3897
53
782
-1791
-2422
3005
-1082
-2682
2865
2144
1331
811
-729
2844
291
-1033
2553
437
61
4714
-3268
-1263
-2118
2449
-1564
1977
-694
1824
-2044
-933
851
1488
1917
394
699
-1448
889
1477
-1026
-2388
1177
-1567
-1043
-2073
1242
-3168
2305
-3983
1059
503
453
-1564
-1586
-1185
314
1537
1307
1896
-1416
2112
1351
11
2101
2127
235
168
276
-716
-1927
104
283
-1763
-1190
1381
86
-3208
2217
9
-2691
-1451
3162
258
805
-1131
2178
-347
-2125
2043
-1774
3020
-3309
3249
65
-1686
1840
-574
-522
168
597
-59
371
-1151
1604
354
-1117
-683
1028
-796
1488
2621
1186
-559
-2407
752
835
1151
-1935
-1506
-2514
3482
-2839
-1447
1804
1971
-4118
1080
380
634
1142
916
517
812
722
647
787
82
718
803
982
878
973
496
343
363
853
973
593
117
946
976
761
942
77
437
58
429
470
549
53
807
539
636
466
-1311
-3071
663
-2912
2909
-1676
-51
-213
3141
-1003
-872
2836
346
2815
255
37
1871
79
-2365
661
31
1792
-1331
-696
-657
-980
-912
-812
-184
1004
641
447
1598
1709
2734
-943
-775
-1597
323
563
1419
-1558
2867
-2795
2199
-1731
223
28
-1185
-2589
300
1283
-1684
2393
2871
-2356
3016
-2145
-1068
3295
-3040
2440
246
511
378
1440
1575
-2368
2763
2635
-408
-319
-1221
-1425
1470
-1811
-650
1127
529
823
-3966
1185
-1102
-987
566
703
-2989
1505
207
-1477
1255
-2668
-876
3006
638
318
3650
901
-2213
434
1575
-359
-276
-1956
781
-286
-1389
-585
761
-2536
221
222
-4292
1823
1534
1862
-1729
1767
-2646
1047
876
1589
2083
-495
1201
59
646
979
165
2151
298
-1004
-1144
-2472
1705
-1683
2095
-2570
1995
-1655
1359
-3390
839
157
-1022
1148
-678
1531
2536
789
-2166
-818
-2959
1805
-936
1272
846
2634
719
740
2936
-146
1467
1932
-2390
-347
-642
594
-1789
-2264
-583
-2976
-199
-2205
562
216
264
-99
1693
-2229
970
-1696
-2683
1409
1207
-1164
-1847
2438
-2467
1735
76
708
1163
504
-747
439
-301
3056
1854
1896
-2241
262
-2169
2015
1871
2866
481
133
2075
635
-3126
3456
631
-2436
144
-1651
264
2531
-2800
1472
-3235
-1887
947
695
565
558
928
285
325
923
614
306
62
504
648
5
767
546
197
941
134
591
464
169
962
785
434
409
301
104
646
839
670
884
878
59
3060
78
-1634
933
-714
158
-466
3014
-4017
3064
411
-1121
-790
-2695
325
94
237
481
2897
-1804
-1549
-41
-1862
-640
3664
3198
-603
-951
-1255
-958
836
54
-1403
-802
-2353
840
-1715
2741
-2887
3412
-3035
-2605
-258
1877
-1194
-1415
924
393
3815
-1043
-2236
3502
-1399
-370
2178
-3061
599
2715
1152
-2706
3148
-866
670
710
-844
52
1383
-3338
1709
-3758
-1666
3041
433
-2859
3646
-2278
633
-1014
978
392
195
-220
1296
2025
966
1577
977
-213
2578
33
-1253
2194
-274
2064
392
21
-3261
2243
-1015
-2947
-1928
-1422
568
1640
-2845
-1213
3753
-484
-233
-2170
538
363
3398
613
1913
1561
2531
-2561
965
1695
520
-1935
-3203
899
258
888
94
233
893
-3077
-1563
2479
1541
324
1133
-584
-1135
1663
1230
-2462
-2735
387
262
335
-1838
2978
-1361
-2244
-589
-2000
245
268
3188
-2660
2029
607
-1277
-1398
765
702
-82
-2454
-202
1829
-3
-153
-757
1157
1916
911
1921
2872
-1345
2990
709
669
-213
2813
-648
803
-1225
-1503
1312
1268
2002
-2322
2604
755
-91
-2020
781
948
-3137
-187
107
-1320
-864
875
-3440
-19
-2537
2364
-139
-1237
786
-889
889
921
1515
-899
1496
-3145
2627
-1841
1915
-1679
718
567
-1648
-1960
2372
829
242
525
11
480
247
8
227
672
743
148
461
141
862
211
551
665
922
940
973
823
381
671
873
193
976
232
852
479
336
544
782
146
673
563
237
710
278
375
27
459
340
484
822
224
249
957
401
851
93
247
171
168
523
752
721
101
825
60
43
38
520
492
348
766
757
834
788
279
969
860
324
148
414
230
528
361
750
958
754
995
302
75
82
114
324
169
415
488
265
283
757
310
270
170
103
424
216
80
238
568
231
699
205
780
520
366
737
617
153
462
520
340
887
201
189
286
497
433
807
478
57
915
775
282
248
800
584
260
633
101
987
946
36
804
929
195
283
714
421
175
103
546
6
294
487
734
230
433
8
103
581
221
357
6
678
335
581
979
837
909
213
111
772
735
160
131
635
236
909
887
254
660
605
928
967
509
965
277
21
323
109
429
103
431
788
951
359
460
198
43
385
30
980
689
223
42
43
794
373
896
71
20
175
978
317
115
529
772
314
459
769
44
351
848
589
661
751
446
514
817
129
41
802
209
839
312
103
310
473
982
636
112
848
381
185
964
619
450
766
199
317
914
111
819
819
708
548
694
437
87
323
520
690
159
305
866
658
537
491
513
46
635
414
997
78
147
616
894
195
857
703
622
147
