%%
6
-1
%%
839
147
454
933
267
957
355
72
849
363
305
928
270
225
325
435
360
864
613
963
275
226
352
728
579
208
66
205
821
605
139
858
661
125
248
803
122
165
889
868
617
623
518
941
678
841
428
481
621
9
913
760
520
738
135
606
326
552
697
744
559
407
303
282
969
393
115
451
818
553
655
481
255
353
810
326
180
447
735
23
31
725
70
666
911
772
26
766
475
267
415
976
488
521
402
94
198
952
862
198
106
729
802
769
63
60
194
967
845
632
262
309
911
722
571
496
167
874
884
582
804
961
140
578
660
640
949
411
552
619
945
269
726
555
354
488
122
218
110
413
795
103
515
776
844
781
272
432
549
710
337
568
515
779
276
171
179
132
940
774
646
770
282
477
499
123
330
862
381
132
385
657
282
779
556
548
871
998
145
897
140
866
595
464
275
132
775
462
40
957
915
824
926
663
622
638
612
958
201
452
682
55
582
910
396
374
504
900
910
519
442
844
324
517
438
5
411
708
540
729
947
266
726
428
530
433
920
262
161
765
598
277
339
346
275
647
89
728
50
820
835
682
394
82
584
889
973
74
28
424
936
672
995
188
203
363
342
169
864
474
532
166
936
521
838
922
116
728
299
784
839
404
637
334
623
301
703
578
396
64
178
901
849
171
469
38
648
465
200
508
420
928
849
536
422
637
871
78
897
757
865
462
548
252
675
36
682
338
285
98
938
223
153
424
509
400
449
768
896
304
561
215
378
144
682
120
83
247
508
695
89
389
112
808
834
592
980
173
735
257
824
306
36
426
630
282
458
175
584
898
742
275
803
198
743
61
112
465
648
721
456
51
852
716
115
870
186
156
23
715
936
619
902
491
410
642
746
577
45
238
284
658
422
437
904
901
535
942
469
659
576
484
470
818
691
156
708
177
183
868
17
644
429
298
596
784
300
624
338
362
422
784
200
810
198
390
294
331
445
371
856
144
989
648
219
807
952
778
326
21
803
724
360
351
154
81
373
769
14
451
307
152
996
644
113
346
660
187
763
443
148
846
7
876
722
491
186
802
355
38
564
661
721
304
641
835
536
512
776
686
437
272
212
800
577
923
757
186
599
484
604
174
342
161
907
36
566
156
375
826
640
371
544
201
151
923
336
450
196
887
348
313
122
135
339
219
695
884
325
357
503
298
519
859
857
332
87
603
184
459
356
924
846
874
662
900
488
330
769
96
252
42
325
657
347
749
421
428
214
576
718
541
341
610
326
323
559
655
666
509
889
864
510
900
456
598
906
245
126
249
494
776
530
661
310
854
522
415
243
43
723
50
984
547
314
73
515
814
975
966
97
82
911
482
6
32
316
507
901
335
404
98
133
405
640
224
24
812
258
955
32
308
692
22
41
882
960
917
949
44
622
240
972
748
209
68
289
121
665
823
383
733
66
963
972
774
6
799
669
619
793
3
519
662
214
959
922
491
57
664
1
660
276
769
92
717
233
879
464
256
938
493
573
858
97
818
830
516
433
512
773
326
577
657
27
501
116
785
548
738
386
740
750
540
624
987
59
574
371
446
407
897
213
682
237
634
180
40
82
689
67
600
568
428
764
601
155
491
542
278
741
262
221
589
835
516
154
533
428
70
163
605
116
904
330
194
227
928
342
953
595
55
229
619
251
921
933
175
942
457
81
694
508
92
975
698
187
664
377
776
758
447
936
63
208
106
720
730
986
882
472
213
522
397
764
381
599
187
639
760
654
266
164
844
606
733
819
65
990
897
753
61
153
167
145
927
511
575
499
884
660
203
349
426
580
340
599
138
492
797
399
298
100
205
281
926
476
676
682
199
192
855
832
74
932
138
433
251
795
848
392
358
678
875
927
267
502
562
425
815
101
177
371
702
193
88
696
875
368
717
252
533
381
979
262
417
255
460
657
55
114
867
355
550
847
738
312
196
585
742
266
223
66
96
536
835
639
605
991
612
94
233
659
237
666
774
715
29
136
707
52
917
433
542
317
384
157
716
610
540
519
300
757
238
438
82
342
534
690
462
138
167
727
780
261
787
274
704
422
452
116
120
91
763
259
227
306
82
899
563
450
511
943
901
983
860
183
566
468
706
315
681
187
270
176
34
144
154
637
387
172
87
957
570
759
526
48
847
553
321
67
253
309
376
413
711
316
405
721
780
496
338
442
293
340
559
614
315
55
857
809
714
351
943
530
910
196
390
454
602
538
813
170
538
769
156
175
690
823
511
539
54
349
788
320
966
182
898
667
38
901
804
160
580
27
60
967
151
96
858
830
168
358
703
233
125
310
371
684
845
646
735
743
219
195
459
681
782
393
644
807
815
713
533
633
289
556
639
631
901
438
58
876
160
51
481
286
153
371
217
929
159
302
37
552
509
319
89
706
323
926
607
966
432
178
2
457
861
597
876
906
755
412
64
802
523
211
827
441
446
1
596
932
672
149
416
160
268
71
993
462
233
886
295
536
139
131
321
893
418
827
370
638
652
348
43
706
597
772
984
475
542
218
32
962
700
251
430
838
630
558
487
747
404
584
395
580
217
826
575
460
370
177
626
212
368
570
317
179
849
940
279
948
202
86
665
463
133
838
194
819
143
262
928
905
764
382
459
35
13
489
955
157
302
771
230
283
826
545
614
139
637
259
650
780
355
683
559
571
884
335
22
831
758
665
850
827
123
368
479
557
391
699
583
753
975
571
535
768
109
303
944
848
486
916
240
621
911
535
511
932
59
848
200
961
827
818
585
890
806
685
686
932
183
154
136
234
849
903
266
409
756
870
975
949
489
803
806
58
61
763
801
693
809
23
991
893
342
423
95
979
234
389
805
541
763
955
759
717
877
370
958
624
915
291
347
339
424
200
952
689
649
197
463
578
825
102
547
779
491
64
445
937
206
153
2
68
307
288
803
466
53
314
562
224
267
34
969
621
742
802
765
321
166
439
350
869
144
924
430
995
76
779
813
703
271
539
40
640
136
601
729
518
873
314
712
53
306
13
786
936
732
201
810
766
944
263
689
493
464
923
133
897
327
447
232
21
543
353
863
496
875
797
903
246
233
86
711
259
487
280
562
343
745
703
260
997
114
356
320
84
215
477
858
274
974
527
754
342
840
92
52
834
646
659
366
961
592
262
691
377
295
805
915
556
497
992
12
862
403
992
753
151
130
287
398
926
677
648
90
223
162
389
236
933
31
376
317
511
929
205
943
313
807
962
567
95
301
769
715
835
540
366
57
100
974
374
468
828
890
92
114
340
579
479
502
268
944
746
587
695
337
498
373
987
570
509
8
430
233
548
624
658
259
96
35
226
900
985
446
621
461
360
531
554
603
884
110
842
890
551
4
253
597
757
840
265
690
290
54
304
644
37
898
233
833
147
663
50
551
410
356
643
962
405
885
185
470
385
454
254
751
303
816
195
534
912
91
716
967
370
784
153
450
364
207
692
568
322
254
345
239
521
181
810
353
410
565
480
497
868
732
673
998
164
944
930
199
747
706
186
501
580
264
790
216
195
210
847
491
350
856
368
646
974
394
252
332
107
729
432
650
542
749
700
453
712
478
966
249
149
175
742
96
939
719
799
761
438
838
599
459
219
525
713
991
650
200
334
147
322
407
984
545
738
549
391
983
79
257
525
215
87
482
944
702
247
27
54
564
209
574
788
229
423
447
786
755
151
240
10
182
991
428
921
760
871
40
976
293
924
53
550
999
820
893
616
539
67
12
15
67
847
101
867
305
215
787
1
408
159
237
364
829
557
164
717
700
713
710
542
726
517
187
473
361
283
451
474
666
949
421
22
124
277
325
909
178
282
396
755
294
690
695
4
164
105
54
741
531
925
909
117
907
654
531
79
181
187
613
565
371
55
201
433
749
84
757
103
583
401
732
579
531
388
630
766
987
485
636
677
545
264
966
89
243
241
804
156
580
179
525
360
695
609
986
75
350
915
483
705
295
770
731
330
450
688
443
9
94
81
308
54
448
374
480
274
325
728
921
569
292
209
493
500
569
236
174
319
715
382
250
138
497
413
983
79
385
626
578
997
111
321
326
365
690
438
518
640
520
501
998
771
821
633
375
352
218
892
181
450
934
581
869
743
72
643
679
964
665
692
905
453
245
445
44
640
858
456
768
783
106
138
901
462
170
994
258
91
84
575
418
919
750
857
815
297
274
169
82
246
805
205
887
434
18
942
271
272
992
218
197
864
521
95
726
81
711
999
118
343
914
122
330
97
299
150
911
817
886
965
668
826
488
386
100
135
70
811
972
628
47
207
548
234
12
225
711
62
98
623
608
668
461
686
420
93
420
823
229
619
43
869
25
452
599
321
359
431
150
831
539
428
269
820
197
635
829
840
42
49
149
162
375
537
213
730
302
455
350
393
102
157
485
17
25
918
590
974
79
543
137
110
205
729
311
588
886
963
74
763
692
183
826
654
523
86
657
817
758
454
150
863
669
941
109
898
284
280
809
103
835
246
634
713
569
346
426
366
616
244
805
43
765
115
746
645
134
430
223
717
23
664
460
778
866
875
528
43
403
74
444
253
557
13
82
906
887
454
890
841
108
169
661
292
473
562
850
283
534
821
549
892
456
303
520
103
234
793
876
520
862
548
692
940
33
121
207
191
625
559
290
954
980
862
53
218
284
607
91
838
154
900
117
135
128
746
650
749
372
781
575
790
740
596
956
197
739
861
849
513
656
688
541
502
137
468
719
871
363
432
590
337
53
796
164
671
513
373
178
792
907
930
343
562
956
753
362
328
290
436
940
632
145
725
424
851
831
996
703
25
860
464
831
728
330
104
133
559
428
418
242
79
768
169
475
932
217
362
591
950
420
844
934
649
999
356
712
693
143
301
474
368
651
198
567
557
735
824
318
957
982
782
923
526
665
289
848
28
430
704
367
173
280
241
62
546
124
483
524
378
574
196
811
996
49
354
649
84
266
807
162
303
709
486
806
788
679
586
867
571
320
425
560
914
998
436
619
232
702
173
259
970
540
683
262
258
792
313
951
223
44
963
179
851
638
203
399
430
606
772
351
133
451
176
987
736
65
856
886
273
107
241
504
160
425
247
853
525
778
496
152
178
408
293
93
528
129
562
544
169
781
859
33
618
706
857
866
430
331
847
957
913
974
85
445
585
647
616
484
732
63
618
980
149
478
455
672
951
316
424
816
251
224
833
110
969
432
323
858
179
652
817
106
229
487
601
128
16
777
621
659
772
360
765
315
307
424
150
484
885
80
831
862
882
70
112
607
262
962
29
91
65
563
233
897
280
584
780
163
502
706
642
282
461
987
151
129
672
380
814
639
392
31
980
485
666
739
387
285
25
735
321
427
231
497
162
904
96
557
638
823
83
732
994
101
130
287
942
349
347
329
423
53
934
820
256
514
399
923
700
335
541
619
81
778
8
423
626
404
173
36
815
210
6
450
938
359
650
492
99
736
625
537
630
837
740
400
552
170
822
351
533
178
488
969
501
49
879
659
850
123
627
153
899
456
327
550
788
80
843
973
99
990
631
635
509
300
466
412
922
788
98
242
110
282
543
431
821
644
767
253
968
420
942
954
728
748
400
623
831
717
95
173
181
457
904
432
420
366
501
865
830
469
329
204
559
541
636
301
848
196
92
938
852
836
515
777
715
878
870
412
788
557
81
776
861
318
711
790
627
92
566
27
850
652
581
758
621
49
86
538
270
10
603
863
911
351
974
913
965
458
714
744
612
771
711
122
658
32
863
929
731
246
742
900
818
86
990
847
283
842
710
739
225
352
407
762
142
124
735
963
55
944
380
817
848
174
677
97
166
707
305
677
727
464
197
856
369
906
3
964
462
446
455
736
343
209
880
537
65
993
19
810
897
873
470
817
187
760
220
596
787
662
487
729
526
894
326
32
965
543
873
438
788
404
995
190
21
643
877
925
280
237
759
136
12
289
80
828
826
140
91
153
806
380
826
50
716
59
900
848
74
742
424
367
909
431
398
854
110
497
414
218
884
994
788
27
747
23
346
572
767
460
205
307
834
225
47
384
300
326
164
139
956
595
17
181
726
545
96
511
336
592
878
276
43
215
380
37
368
9
274
473
614
17
375
838
670
990
243
829
888
153
128
301
938
768
951
9
721
336
23
987
934
747
484
653
369
24
436
775
700
687
874
99
92
161
291
144
39
334
610
753
481
929
759
664
456
27
388
610
615
396
486
881
938
367
405
912
673
369
25
615
466
540
432
713
300
112
213
379
19
605
842
12
799
563
288
735
601
648
245
550
916
693
691
591
750
464
745
5
161
982
455
381
652
328
582
198
218
46
839
440
616
45
454
500
863
641
62
26
565
317
552
901
865
10
536
966
841
606
781
780
429
833
566
367
972
759
861
508
426
759
484
443
743
806
782
293
176
609
348
758
598
451
4
502
351
454
566
691
163
817
414
42
215
779
672
97
31
829
253
255
928
402
161
499
630
851
532
301
218
562
645
250
316
306
203
388
622
788
620
559
539
165
391
10
649
736
723
522
784
705
109
706
251
21
517
481
278
475
955
63
288
650
217
697
858
660
385
586
128
435
370
892
84
794
936
369
261
115
746
630
921
2
317
437
241
638
481
155
731
607
398
463
353
889
247
588
931
236
98
716
78
373
735
160
991
792
898
771
517
287
547
180
732
17
573
84
396
945
520
920
242
73
299
512
6
314
164
21
198
858
938
348
705
813
398
936
381
631
653
528
182
933
847
663
136
851
820
625
113
379
882
666
268
208
987
514
389
704
106
394
980
986
524
103
761
202
307
270
480
889
886
828
952
335
457
421
806
122
927
225
960
299
356
692
213
10
563
880
337
590
747
101
963
624
10
197
670
223
101
142
927
753
152
918
133
32
915
98
712
761
537
330
811
174
131
336
101
872
356
279
352
578
651
867
148
229
911
77
150
546
820
356
12
569
673
889
127
301
758
254
519
992
5
219
789
959
335
334
716
360
522
751
971
250
299
965
140
25
91
360
988
849
909
782
727
711
620
859
461
459
312
305
160
281
581
344
3
93
95
782
631
731
2
467
873
828
404
819
127
745
698
841
767
570
118
722
324
974
128
521
525
343
399
8
141
705
146
591
569
278
518
490
73
183
754
413
423
86
52
500
459
816
159
203
653
836
178
418
605
698
946
730
629
43
178
4
335
311
807
10
534
788
894
354
421
631
848
960
881
763
361
570
740
518
972
275
890
898
96
53
782
421
267
996
341
169
959
969
884
717
531
883
722
659
894
437
61
942
13
311
29
635
333
692
451
895
355
404
824
934
964
394
699
343
629
680
169
160
586
283
98
318
664
94
772
28
698
503
453
47
230
308
560
774
681
710
287
774
877
477
958
814
667
168
276
352
260
579
587
141
173
674
427
1
827
348
101
190
873
258
805
365
856
530
127
675
149
768
226
985
512
206
814
247
276
168
597
650
527
290
569
564
300
387
767
585
786
931
947
402
156
752
835
912
196
17
168
935
38
328
849
850
124
549
579
574
805
916
517
812
722
647
787
82
718
803
982
878
973
496
343
363
853
973
593
117
946
976
761
942
77
437
58
429
470
549
53
807
539
636
466
259
20
504
101
906
154
284
377
888
430
362
767
592
836
255
37
766
379
192
493
521
599
167
234
546
362
378
333
446
594
641
447
841
714
884
393
165
245
372
500
725
102
837
189
651
221
223
28
233
116
553
660
210
876
978
176
962
54
357
823
210
767
246
511
516
872
854
214
947
951
376
431
321
123
601
126
396
869
529
823
6
810
515
464
831
689
59
753
618
265
559
87
441
999
638
318
903
848
321
536
711
510
385
364
646
415
438
389
594
135
221
222
27
898
899
830
356
526
118
633
847
742
853
556
828
549
646
979
558
966
658
429
251
35
516
156
699
278
790
310
554
85
839
157
260
735
470
819
861
430
45
149
63
645
471
722
712
907
719
740
991
584
857
880
65
126
164
482
79
80
243
27
257
329
562
216
648
713
795
189
436
5
51
755
713
193
120
873
151
633
76
708
805
647
330
528
519
864
744
815
157
539
147
959
873
977
481
133
956
577
28
862
698
135
471
215
464
793
7
531
115
369
947
695
565
558
928
285
325
923
614
306
62
504
648
5
767
546
197
941
134
591
464
169
962
785
434
409
301
104
646
839
670
884
878
59
785
483
213
393
350
422
315
851
124
920
576
423
257
126
325
94
478
501
790
217
104
311
25
383
979
998
445
263
120
298
836
54
314
227
197
574
53
656
11
789
116
46
538
716
363
304
924
393
899
159
91
884
210
427
697
82
664
766
692
108
827
438
670
710
398
550
665
98
670
5
241
944
702
115
961
126
592
502
978
392
319
586
783
794
846
719
570
801
998
380
433
785
548
809
392
21
148
988
345
115
289
149
566
839
134
154
918
522
351
89
538
363
931
812
842
869
912
37
602
815
591
115
105
627
580
577
94
233
608
167
206
851
809
373
754
524
437
698
739
121
2
353
262
335
94
752
121
183
291
43
467
679
991
296
885
582
172
296
765
702
426
94
367
831
336
266
248
724
924
757
995
942
332
947
709
669
534
847
458
597
193
100
553
834
902
358
905
729
490
254
781
948
58
426
439
260
325
425
22
356
67
896
495
368
763
484
889
921
669
442
580
9
781
252
646
36
443
589
174
49
811
711
242
525
11
480
247
8
227
672
743
148
461
141
862
211
551
665
922
940
973
823
381
671
873
193
976
232
852
479
336
544
782
146
673
563
237
710
278
375
27
459
340
484
822
224
249
957
401
851
93
247
171
168
523
752
721
101
825
60
43
38
520
492
348
766
757
834
788
279
969
860
324
148
414
230
528
361
750
958
754
995
302
75
82
114
324
169
415
488
265
283
757
310
270
170
103
424
216
80
238
568
231
699
205
780
520
366
737
617
153
462
520
340
887
201
189
286
497
433
807
478
57
915
775
282
248
800
584
260
633
101
987
946
36
804
929
195
283
714
421
175
103
546
6
294
487
734
230
433
8
103
581
221
357
6
678
335
581
979
837
909
213
111
772
735
160
131
635
236
909
887
254
660
605
928
967
509
965
277
21
323
109
429
103
431
788
951
359
460
198
43
385
30
980
689
223
42
43
794
373
896
71
20
175
978
317
115
529
772
314
459
769
44
351
848
589
661
751
446
514
817
129
41
802
209
839
312
103
310
473
982
636
112
848
381
185
964
619
450
766
199
317
914
111
819
819
708
548
694
437
87
323
520
690
159
305
866
658
537
491
513
46
635
414
997
78
147
616
894
195
857
703
622
147
